250 0.481386
500 0.506476
750 0.618342
1000 0.530352
1250 0.627073
1500 0.524163
1750 0.532816
2000 0.540182
2250 0.707025
2500 0.590412
2750 0.589246
3000 0.694655
3250 0.6418
3500 0.552308
3750 0.714238
4000 0.733887
4250 0.626691
4500 0.589599
4750 0.648625
5000 0.692022
5250 0.794061
5500 0.686116
5750 0.500979
6000 0.735116
6250 0.736565
6500 0.72286
6750 0.732877
7000 0.772761
7250 0.662003
7500 0.669331
7750 0.698284
8000 0.673473
8250 0.743071
8500 0.612805
8750 0.671654
9000 0.645913
9250 0.615957
9500 0.705051
9750 0.808581
10000 0.84254
10250 0.651512
10500 0.630321
10750 0.711228
11000 0.707066
11250 0.771662
11500 0.696631
11750 0.694535
12000 0.72944
12250 0.717828
12500 0.661924
12750 0.821793
13000 0.661389
13250 0.586803
13500 0.622525
13750 0.743417
14000 0.661491
14250 0.781124
14500 0.773461
14750 0.643819
15000 0.695244
15250 0.669598
15500 0.770151
15750 0.74729
16000 0.693349
16250 0.696056
16500 0.643765
16750 0.588588
17000 0.826182
17250 0.67722
17500 0.653528
17750 0.77803
18000 0.613371
18250 0.744035
18500 0.73924
18750 0.746149
19000 0.704369
19250 0.696522
19500 0.688759
19750 0.766646
20000 0.727256
20250 0.671287
20500 0.691418
20728 0.702446
