250 0.531056
500 0.538162
750 0.579528
1000 0.513508
1250 0.547629
1500 0.603767
1750 0.487046
2000 0.582342
2250 0.59371
2500 0.73654
2750 0.69268
3000 0.67355
3250 0.608075
3500 0.657209
3750 0.685435
4000 0.768138
4250 0.599768
4500 0.648499
4750 0.683602
5000 0.618718
5250 0.755224
5500 0.705566
5750 0.634334
6000 0.721822
6250 0.697461
6500 0.653934
6750 0.64654
7000 0.715545
7250 0.697212
7500 0.698949
7750 0.701846
8000 0.703259
8250 0.715289
8500 0.684656
8750 0.663125
9000 0.699625
9250 0.690511
9500 0.695482
9750 0.735516
10000 0.721175
10250 0.690145
10500 0.720757
10750 0.758292
11000 0.741605
11250 0.700196
11500 0.749003
11750 0.773628
12000 0.743235
12250 0.665796
12500 0.687648
12750 0.728845
13000 0.709701
13250 0.667255
13500 0.737188
13750 0.695767
14000 0.705159
14250 0.711925
14500 0.679504
14750 0.606843
15000 0.695405
15250 0.764793
15500 0.666455
15750 0.680116
16000 0.632239
16250 0.730943
16500 0.719598
16750 0.78799
17000 0.674412
17250 0.629228
17500 0.675826
17750 0.746916
18000 0.702525
18250 0.702113
18500 0.728878
18750 0.714792
19000 0.660417
19250 0.666551
19500 0.720719
19750 0.748724
20000 0.675059
20250 0.700344
20500 0.735261
20728 0.696547
