250 0.741395
500 0.627438
750 0.701814
1000 0.605657
1250 0.677958
1500 0.74499
1750 0.724936
2000 0.709634
2250 0.753132
2500 0.739653
2750 0.7094
3000 0.652828
3250 0.758501
3500 0.771681
3750 0.672598
4000 0.725442
4250 0.727999
4500 0.734957
4750 0.677281
5000 0.691091
5250 0.752283
5500 0.741113
5750 0.727815
6000 0.652033
6250 0.700051
6500 0.654119
6750 0.682614
7000 0.658519
7250 0.631793
7500 0.72086
7750 0.740952
8000 0.696414
8250 0.74736
8500 0.727383
8750 0.719595
9000 0.730643
9250 0.689913
9500 0.654995
9750 0.676977
10000 0.71558
10250 0.652137
10500 0.704713
10750 0.713298
11000 0.684657
11250 0.76084
11500 0.709578
11750 0.757669
12000 0.743174
12250 0.66328
12500 0.716499
12750 0.757875
13000 0.736381
13250 0.696117
13500 0.767424
13750 0.751606
14000 0.734511
14250 0.668936
14500 0.695634
14750 0.707406
15000 0.757877
15250 0.669434
15500 0.738513
15750 0.71738
16000 0.752449
16250 0.683944
16500 0.715447
16750 0.665849
17000 0.717839
17250 0.645024
17500 0.755909
17750 0.742578
18000 0.737745
18250 0.728558
18500 0.756967
18750 0.695195
19000 0.64332
19250 0.71769
19500 0.710626
19750 0.685275
20000 0.738774
20250 0.73461
20500 0.736373
20750 0.741487
21000 0.681205
21250 0.716115
21500 0.613571
21750 0.744733
22000 0.710311
22250 0.725897
22500 0.742597
22750 0.744092
23000 0.742663
23250 0.788921
23500 0.773043
23750 0.70698
24000 0.741711
24250 0.712841
24500 0.705801
24750 0.75481
25000 0.779249
25250 0.63666
25500 0.695284
25750 0.744321
26000 0.732275
26250 0.784786
26500 0.76555
26750 0.749913
27000 0.732272
27250 0.705223
27500 0.73213
27750 0.682238
28000 0.705783
28250 0.701901
28500 0.742385
28750 0.755188
29000 0.805842
29250 0.684544
29365 0.708039
