250 0.69677
500 0.55144
750 0.698324
1000 0.727107
1250 0.599339
1500 0.758814
1750 0.665513
2000 0.590255
2250 0.770081
2500 0.71611
2750 0.78187
3000 0.590753
3250 0.766973
3500 0.640232
3750 0.791193
4000 0.675174
4250 0.782571
4500 0.784381
4750 0.653075
5000 0.804126
5250 0.693858
5500 0.528151
5750 0.786366
6000 0.735182
6250 0.759641
6500 0.699568
6750 0.64762
7000 0.730998
7250 0.746659
7500 0.679854
7750 0.760393
8000 0.696321
8250 0.651305
8500 0.679069
8750 0.659117
9000 0.747805
9250 0.633397
9500 0.62286
9750 0.74322
10000 0.718192
10250 0.752099
10500 0.700805
10750 0.737249
11000 0.712896
11250 0.613236
11500 0.568334
11750 0.674112
12000 0.724204
12250 0.664206
12500 0.675469
12750 0.718101
13000 0.684306
13250 0.744819
13500 0.766679
13750 0.798591
14000 0.735833
14250 0.744683
14500 0.726091
14750 0.6722
15000 0.73246
15250 0.691706
15500 0.711176
15750 0.678345
16000 0.631508
16250 0.694109
16500 0.731661
16750 0.635337
17000 0.703392
17250 0.719499
17500 0.746759
17750 0.69785
18000 0.607511
18250 0.692452
18500 0.708758
18750 0.755012
19000 0.752918
19250 0.706189
19500 0.756281
19750 0.733453
20000 0.605715
20250 0.659849
20500 0.687793
20750 0.782732
21000 0.747445
21250 0.782499
21500 0.665406
21750 0.648376
22000 0.843271
22250 0.773201
22500 0.744467
22750 0.705184
23000 0.62216
23250 0.696967
23500 0.635202
23750 0.845596
24000 0.773315
24250 0.682566
24500 0.638239
24750 0.650226
25000 0.710976
25250 0.784811
25500 0.760213
25750 0.776483
26000 0.688109
26250 0.661533
26500 0.703125
26750 0.676115
27000 0.744238
27250 0.739948
27500 0.777573
27750 0.771723
28000 0.650397
28250 0.760996
28500 0.712973
28750 0.710684
29000 0.666142
29250 0.772605
29365 0.629046
