250 0.601714
500 0.475199
750 0.481988
1000 0.513742
1250 0.509295
1500 0.697126
1750 0.569059
2000 0.38768
2250 0.598708
2500 0.728953
2750 0.566033
3000 0.41192
3250 0.586464
3500 0.5756
3750 0.722885
4000 0.405757
4250 0.608275
4500 0.759101
4750 0.695042
5000 0.599864
5250 0.616127
5500 0.644825
5750 0.441904
6000 0.568379
6250 0.384791
6500 0.557522
6750 0.67913
7000 0.623348
7250 0.769525
7500 0.676912
7750 0.729252
8000 0.65949
8250 0.56052
8500 0.725967
8750 0.619901
9000 0.63807
9250 0.607775
9500 0.578064
9750 0.631603
10000 0.813494
10250 0.699596
10500 0.651431
10750 0.576325
11000 0.514208
11250 0.628187
11500 0.8923
11750 0.559974
12000 0.696
12250 0.674095
12500 0.553606
12750 0.749587
13000 0.629028
13250 0.659913
13500 0.671917
13750 0.532997
14000 0.75279
14250 0.630365
14500 0.636594
14750 0.633073
15000 0.622116
15250 0.737443
15500 0.721789
15750 0.786427
16000 0.51829
16250 0.627059
16500 0.699543
16750 0.627771
17000 0.633687
17250 0.650573
17500 0.678939
17750 0.594166
18000 0.826036
18250 0.684613
18500 0.563582
18750 0.587037
19000 0.68001
19250 0.634944
19500 0.523005
19750 0.657013
20000 0.677315
20250 0.705082
20500 0.541796
20750 0.628834
21000 0.549927
21250 0.677017
21500 0.646723
21750 0.55514
22000 0.653747
22250 0.59157
22500 0.524874
22750 0.668057
23000 0.519949
23250 0.647959
23500 0.544606
23750 0.596917
24000 0.539087
24250 0.588762
24500 0.667565
24750 0.589133
25000 0.528411
25250 0.597229
25500 0.72085
25750 0.653428
26000 0.752925
26250 0.623711
26500 0.70593
26750 0.783545
27000 0.794143
27250 0.65477
27500 0.655995
27750 0.754132
28000 0.651708
28250 0.608555
28500 0.470855
28750 0.728831
29000 0.469609
29250 0.560515
29500 0.74819
29750 0.692465
30000 0.673564
30250 0.752597
30500 0.586525
30750 0.567582
31000 0.604016
31250 0.612678
31500 0.742363
31750 0.592546
32000 0.69136
32250 0.608971
32500 0.717293
32750 0.634547
33000 0.692662
33250 0.701918
33500 0.780776
33750 0.629687
34000 0.482594
34250 0.777086
34500 0.748645
34750 0.607095
35000 0.636832
35250 0.726739
35500 0.610853
35750 0.683375
36000 0.537176
36250 0.579369
36500 0.754961
36750 0.691467
36847 0.729136
