250 0.472123
500 0.568992
750 0.657726
1000 0.58138
1250 0.627068
1500 0.630968
1750 0.524463
2000 0.615265
2250 0.59199
2500 0.603175
2750 0.531723
3000 0.51688
3250 0.608096
3500 0.614834
3750 0.569591
4000 0.647686
4250 0.631145
4500 0.610622
4750 0.591804
5000 0.675172
5250 0.626247
5500 0.573413
5750 0.635772
6000 0.690881
6250 0.609923
6500 0.608813
6750 0.628858
7000 0.533141
7250 0.66442
7500 0.57573
7750 0.669853
8000 0.699476
8250 0.475162
8500 0.654546
8750 0.686406
9000 0.62283
9250 0.665626
9500 0.661704
9750 0.696872
10000 0.603214
10250 0.652923
10500 0.603572
10750 0.692264
11000 0.646281
11250 0.713546
11500 0.718859
11750 0.686349
12000 0.623094
12250 0.685233
12500 0.713035
12750 0.689334
13000 0.689974
13250 0.629511
13500 0.609357
13750 0.652043
14000 0.638667
14250 0.571076
14500 0.624866
14750 0.674917
15000 0.656716
15250 0.624061
15500 0.723738
15750 0.665443
16000 0.56662
16250 0.679248
16500 0.59877
16750 0.621482
17000 0.673045
17250 0.635851
17500 0.624502
17750 0.656417
18000 0.714803
18250 0.578515
18500 0.610593
18750 0.538498
19000 0.634559
19250 0.610951
19500 0.660305
19750 0.625734
20000 0.673193
20250 0.66365
20500 0.641135
20750 0.559436
21000 0.576336
21250 0.669164
21500 0.588073
21750 0.679686
22000 0.608704
22250 0.623289
22500 0.687795
22750 0.643058
23000 0.716008
23250 0.596462
23500 0.662791
23750 0.529832
24000 0.590964
24250 0.600595
24500 0.663301
24750 0.621933
25000 0.638132
25250 0.40422
25500 0.675232
25750 0.604813
26000 0.648878
26250 0.65506
26500 0.681546
26750 0.623225
27000 0.688739
27250 0.709954
27500 0.671599
27750 0.676862
28000 0.648822
28250 0.64935
28500 0.767016
28750 0.67819
29000 0.679002
29250 0.683596
29500 0.584275
29750 0.664371
30000 0.732441
30250 0.67758
30500 0.56016
30750 0.655258
31000 0.54584
31250 0.75052
31500 0.715407
31750 0.630239
32000 0.639558
32250 0.668122
32500 0.680832
32750 0.644298
33000 0.682824
33250 0.62552
33500 0.697386
33750 0.671034
34000 0.633664
34250 0.663025
34500 0.682662
34750 0.641788
35000 0.585064
35250 0.70356
35500 0.658479
35750 0.737129
36000 0.607504
36250 0.632105
36500 0.695715
36750 0.614767
36847 0.709719
