250 0.487931
500 0.570879
750 0.553746
1000 0.544709
1250 0.574036
1500 0.59574
1750 0.525772
2000 0.574755
2250 0.559263
2500 0.615176
2750 0.566612
3000 0.684753
3250 0.608815
3500 0.656229
3750 0.667852
4000 0.679693
4250 0.614153
4500 0.53905
4750 0.63966
5000 0.564095
5250 0.751332
5500 0.751342
5750 0.663375
6000 0.651082
6250 0.711431
6500 0.594496
6750 0.692259
7000 0.653096
7250 0.733636
7500 0.660966
7750 0.681069
8000 0.736291
8250 0.649254
8500 0.685157
8750 0.752873
9000 0.699904
9250 0.680774
9500 0.716691
9750 0.714131
10250 0.624516
10500 0.658567
10750 0.644257
11000 0.601751
11250 0.633052
11500 0.652155
11750 0.726242
12000 0.630648
12250 0.677881
12500 0.633564
12750 0.644621
13000 0.723824
13250 0.707391
13500 0.689603
13750 0.720402
14000 0.695019
14250 0.691854
14500 0.694914
14750 0.707975
15000 0.682035
15250 0.734258
15500 0.712699
15750 0.728696
16000 0.709666
16250 0.684045
16500 0.673276
16750 0.647208
17000 0.547135
17250 0.735824
17500 0.764191
17750 0.621683
18000 0.73631
18250 0.701963
18500 0.710475
18750 0.58842
19000 0.714322
19250 0.752836
19500 0.714449
19750 0.707151
20000 0.679997
20250 0.690281
20500 0.675249
20750 0.720764
21000 0.758265
21250 0.717025
21500 0.764949
21696 0.695482
