250 0.452006
500 0.541396
750 0.503287
1000 0.517911
1250 0.541647
1500 0.519041
1750 0.582521
2000 0.606063
2250 0.563028
2500 0.560242
2750 0.483711
3000 0.443693
3250 0.581722
3500 0.623739
3750 0.669229
4000 0.575916
4250 0.625477
4500 0.450477
4750 0.711146
5000 0.562364
5250 0.659283
5500 0.682492
5750 0.631321
6000 0.693911
6250 0.624695
6500 0.512066
6750 0.725772
7000 0.741994
7250 0.770225
7500 0.657331
7750 0.672949
8000 0.779112
8250 0.626592
8500 0.797738
8750 0.76536
9000 0.642054
9250 0.660386
9500 0.635161
9750 0.616374
10250 0.64197
10500 0.630979
10750 0.58057
11000 0.658858
11250 0.633891
11500 0.657804
11750 0.584641
12000 0.652217
12250 0.664087
12500 0.71665
12750 0.713495
13000 0.576954
13250 0.635986
13500 0.83351
13750 0.760235
14000 0.605521
14250 0.668292
14500 0.666181
14750 0.709028
15000 0.686901
15250 0.698058
15500 0.794591
15750 0.567382
16000 0.653493
16250 0.639246
16500 0.734613
16750 0.608323
17000 0.631569
17250 0.641524
17500 0.676657
17750 0.632731
18000 0.620918
18250 0.712342
18500 0.631906
18750 0.717143
19000 0.687859
19250 0.678869
19500 0.768192
19750 0.683599
20000 0.734137
20250 0.740363
20500 0.720889
20750 0.741031
21000 0.702872
21250 0.769721
21500 0.73461
21696 0.779496
