250 0.359398
500 0.456241
750 0.500529
1000 0.452689
1250 0.520489
1500 0.491986
1750 0.481086
2000 0.411422
2250 0.498642
2500 0.470992
2750 0.521262
3000 0.541457
3250 0.533871
3500 0.541026
3750 0.592668
4000 0.601757
4250 0.536489
4500 0.556792
4750 0.519179
5000 0.47039
5250 0.531324
5500 0.573839
5750 0.545195
6000 0.553144
6250 0.524765
6500 0.574704
6750 0.619884
7000 0.531022
7250 0.59853
7500 0.529907
7750 0.555035
8000 0.621645
8250 0.555643
8500 0.537829
8750 0.56008
9000 0.596306
9250 0.61052
9500 0.545193
9750 0.589616
10000 0.611175
10250 0.522607
10500 0.604048
10750 0.594964
11000 0.592486
11250 0.558309
11500 0.560298
11750 0.630687
12000 0.57158
12250 0.593702
12500 0.628116
12750 0.576906
13000 0.621938
13250 0.575068
13500 0.526877
13750 0.634434
14000 0.595423
14250 0.59387
14500 0.622558
14750 0.61643
15000 0.578773
15250 0.565953
15500 0.566571
15750 0.580535
16000 0.635678
16250 0.623003
16500 0.672979
16750 0.639711
17000 0.630319
17250 0.598666
17500 0.624315
17750 0.518438
18000 0.640619
18250 0.610653
18500 0.605632
18750 0.562788
19000 0.561874
19250 0.594528
19500 0.54261
19750 0.530775
20000 0.623941
20250 0.559398
20500 0.550063
20750 0.57933
21000 0.559676
21250 0.628047
21500 0.582115
21750 0.58596
22000 0.532207
22250 0.599587
22500 0.515837
22750 0.57007
23000 0.662718
23250 0.582615
23500 0.656776
23750 0.534887
24000 0.597418
24250 0.589724
24500 0.632857
24750 0.676442
25000 0.703969
25250 0.637693
25500 0.661064
25750 0.615272
26000 0.497103
26250 0.689498
26500 0.572049
26750 0.587073
27000 0.617022
27250 0.561788
27500 0.619878
27750 0.507468
28000 0.626392
28250 0.635889
28500 0.616277
28750 0.712593
29000 0.587567
29133 0.44612
