250 0.451242
500 0.411823
750 0.292356
1000 0.38478
1250 0.460833
1500 0.322555
1750 0.481906
2000 0.3684
2250 0.318832
2500 0.349579
2750 0.573521
3000 0.501862
3250 0.489772
3500 0.535704
3750 0.572827
4000 0.621055
4250 0.279088
4500 0.553588
4750 0.645692
5000 0.578985
5250 0.578626
5500 0.422229
5750 0.529222
6000 0.469794
6250 0.51045
6500 0.473932
6750 0.506708
7000 0.512722
7250 0.539809
7500 0.467761
7750 0.751404
8000 0.6088
8250 0.604221
8500 0.464652
8750 0.550573
9000 0.412895
9250 0.694085
9500 0.599308
9750 0.526798
10000 0.602743
10250 0.415227
10500 0.537321
10750 0.60329
11000 0.467507
11250 0.551666
11500 0.424208
11750 0.420959
12000 0.476558
12250 0.533661
12500 0.640235
12750 0.589064
13000 0.450582
13250 0.746496
13500 0.561053
13750 0.458231
14000 0.626506
14250 0.652205
14500 0.608866
14750 0.582263
15000 0.638252
15250 0.637994
15500 0.605706
15750 0.547842
16000 0.431016
16250 0.584628
16500 0.632393
16750 0.542504
17000 0.51719
17250 0.621605
17500 0.506626
17750 0.597262
18000 0.541053
18250 0.590679
18500 0.472222
18750 0.624201
19000 0.613083
19250 0.570865
19500 0.665029
19750 0.44086
20000 0.551398
20250 0.423425
20500 0.401174
20750 0.583019
21000 0.52963
21250 0.546907
21500 0.488687
21750 0.579108
22000 0.534042
22250 0.650123
22500 0.657068
22750 0.638319
23000 0.631528
23250 0.625852
23500 0.609364
23750 0.510425
24000 0.571628
24250 0.604243
24500 0.553374
24750 0.581237
25000 0.464316
25250 0.595203
25500 0.51067
25750 0.692897
26000 0.355108
26250 0.51153
26500 0.594478
26750 0.589921
27000 0.73287
27250 0.704584
27500 0.401393
27750 0.421073
28000 0.552697
28250 0.647488
28500 0.613082
28750 0.542339
29000 0.472078
29133 0.719617
