250 0.460731
500 0.425526
750 0.425174
1000 0.526723
1250 0.515046
1500 0.594625
1750 0.583616
2000 0.631106
2250 0.562336
2500 0.521284
2750 0.646601
3000 0.608042
3250 0.582311
3500 0.636675
3750 0.572329
4000 0.583964
4250 0.584595
4500 0.601036
4750 0.518578
5000 0.653875
5250 0.59286
5500 0.5605
5750 0.524405
6000 0.685086
6250 0.630505
6500 0.662626
6750 0.568499
7000 0.609672
7250 0.615195
7500 0.654679
7750 0.637238
8000 0.676128
8250 0.631634
8500 0.608872
8750 0.54864
9000 0.647309
9250 0.607852
9500 0.678778
9750 0.709169
10000 0.61152
10250 0.550333
10500 0.64513
10750 0.644306
11000 0.611683
11250 0.723677
11500 0.573392
11750 0.653608
12000 0.668056
12250 0.687805
12500 0.650728
12750 0.59605
13000 0.554279
13250 0.691652
13500 0.634949
13750 0.749359
14000 0.696796
14250 0.679749
14500 0.629533
14750 0.580126
15000 0.691124
15250 0.692332
15500 0.716784
15750 0.733806
16000 0.635878
16250 0.659548
16500 0.626583
16750 0.72931
17000 0.61107
17250 0.6379
17500 0.659737
17750 0.686349
18000 0.710891
18250 0.724938
18500 0.736968
18750 0.60952
19000 0.735785
19250 0.667676
19500 0.714848
19750 0.678601
20000 0.677166
20250 0.75334
20500 0.633444
20750 0.646302
21000 0.712297
21250 0.720723
21500 0.682636
21750 0.713868
22000 0.642681
22250 0.638857
22500 0.714987
22750 0.762041
23000 0.741039
23250 0.738445
23500 0.772031
23750 0.620107
24000 0.66665
24250 0.658197
24500 0.665989
24750 0.70549
25000 0.732433
25250 0.662506
25500 0.646253
25750 0.663079
26000 0.704422
26250 0.705269
26500 0.732669
26750 0.658942
27000 0.667363
27250 0.691525
27500 0.709922
27750 0.688143
28000 0.614717
28250 0.690513
28500 0.709986
28750 0.720669
29000 0.655774
29250 0.702161
29500 0.733807
29750 0.711923
30000 0.737789
30250 0.685991
30500 0.677539
30750 0.697464
31000 0.761324
31250 0.632156
31500 0.6892
31750 0.660041
32000 0.677812
32250 0.602174
32500 0.698534
32750 0.720238
33000 0.652935
33250 0.742599
33500 0.700448
33750 0.730391
34000 0.69479
34250 0.662717
34500 0.670969
34750 0.613679
35000 0.694732
35250 0.696482
35500 0.745156
35750 0.633027
36000 0.65469
36250 0.682727
36500 0.720874
36750 0.755017
37000 0.67179
37250 0.697628
37500 0.717951
37750 0.662833
38000 0.608403
38250 0.730785
38500 0.702488
38750 0.656344
39000 0.718768
39250 0.696948
39500 0.700151
39750 0.705834
40000 0.692994
40250 0.731642
40500 0.746522
40750 0.751811
41000 0.696151
41250 0.591283
41500 0.73801
41750 0.585569
42000 0.686937
42250 0.707955
42500 0.742433
42750 0.797683
43000 0.658695
43250 0.743069
43500 0.69064
43750 0.730778
44000 0.714042
44250 0.664309
44364 0.17473
44500 0.698243
44750 0.656182
45000 0.648689
45250 0.694952
45500 0.681118
45750 0.743322
46000 0.623986
46250 0.740843
46500 0.729987
46750 0.731697
47000 0.73304
47250 0.734682
47500 0.651817
47750 0.695443
48000 0.690327
48250 0.601313
48500 0.633359
48750 0.722116
49000 0.749169
49250 0.760973
49500 0.726498
49750 0.78517
50000 0.689066
50250 0.663313
50500 0.680209
50750 0.619854
51000 0.659115
51250 0.632854
51500 0.72118
51750 0.723938
52000 0.652583
52250 0.691628
52500 0.648163
52750 0.744229
53000 0.689933
53250 0.73011
53500 0.726587
53750 0.647448
54000 0.657231
54250 0.662555
54500 0.650262
54750 0.645565
55000 0.728208
55250 0.691955
55500 0.708935
55750 0.719324
56000 0.744905
56250 0.708971
56500 0.739734
56750 0.653574
57000 0.700562
57250 0.68864
57500 0.743933
57750 0.704239
58000 0.70674
58250 0.691576
58500 0.712216
58750 0.663007
59000 0.746457
59250 0.697812
59500 0.719038
59750 0.690568
60000 0.688511
60250 0.758782
60500 0.728858
60750 0.7255
60759 0.64661
