250 0.468809
500 0.763554
750 0.636833
1000 0.415657
1250 0.374633
1500 0.344599
1750 0.625555
2000 0.44505
2250 0.435685
2500 0.480198
2750 0.656507
3000 0.640501
3250 0.569767
3500 0.608434
3750 0.594929
4000 0.655477
4250 0.825734
4500 0.702643
4750 0.598361
5000 0.561151
5250 0.303006
5500 0.235964
5750 0.489531
6000 0.863946
6250 0.773123
6500 0.2977
6750 0.893827
7000 0.613309
7250 0.566771
7500 0.526515
7750 0.325509
8000 0.736578
8250 0.44069
8500 0.587166
8750 0.677023
9000 0.548138
9250 0.298446
9500 0.812898
9750 0.581552
10000 0.404969
10250 0.444972
10500 0.693252
10750 0.548803
11000 0.450755
11250 0.486466
11500 0.343324
11750 0.622892
12000 0.395464
12250 0.509554
12500 0.56962
12750 0.741301
13000 0.669124
13250 0.434072
13500 0.724219
13750 0.795737
14000 0.771375
14250 0.589342
14500 0.682209
14750 0.450108
15000 0.668546
15250 0.689609
15500 0.67482
15750 0.808389
16000 0.388824
16250 0.408079
16500 0.435
16750 0.567908
17000 0.702172
17250 0.780083
17500 0.881547
17750 0.720865
18000 0.700676
18250 0.61919
18500 0.710678
18750 0.319778
19000 0.703106
19250 0.517375
19500 0.75426
19750 0.793401
20000 0.86746
20250 0.773898
20500 0.61698
20750 0.832393
21000 0.482172
21250 0.571129
21500 0.846639
21750 0.796053
22000 0.662384
22250 0.774716
22500 0.495161
22750 0.614548
23000 0.544186
23250 0.528648
23500 0.783738
23750 0.592375
24000 0.680929
24250 0.700752
24500 0.600249
24750 0.606631
25000 0.734347
25250 0.624722
25500 0.484349
25750 0.591164
26000 0.870441
26250 0.867636
26500 0.73669
26750 0.913803
27000 0.587705
27250 0.523841
27500 0.817878
27750 0.654514
28000 0.747821
28250 0.785951
28500 0.533477
28750 0.742642
29000 0.64936
29250 0.760091
29500 0.544841
29750 0.792094
30000 0.652507
30250 0.560148
30500 0.428678
30750 0.54257
31000 0.728354
31250 0.864298
31500 0.477535
31750 0.757335
32000 0.595897
32250 0.535094
32500 0.693476
32750 0.966631
33000 0.819797
33250 0.445076
33500 0.719803
33750 0.601166
34000 0.792174
34250 0.682119
34500 0.787205
34750 0.525053
35000 0.645299
35250 0.601626
35500 0.724555
35750 0.520605
36000 0.504202
36250 0.368599
36500 0.695136
36750 0.864224
37000 0.655779
37250 0.626209
37500 0.740673
37750 0.608438
38000 0.779512
38250 0.562741
38500 0.769577
38750 0.846185
39000 0.426471
39250 0.843458
39500 0.484609
39750 0.465446
40000 0.844769
40250 0.40149
40500 0.808429
40750 0.811625
41000 0.503074
41250 0.458824
41500 0.468434
41750 0.878672
42000 0.801556
42250 0.840717
42500 0.612972
42750 0.743925
43000 0.449672
43250 0.622193
43500 0.718897
43750 0.642375
44000 0.90595
44250 0.510409
44364 0.172052
44500 0.426146
44750 0.500603
45000 0.32419
45250 0.800109
45500 0.688549
45750 0.814096
46000 0.894118
46250 0.570423
46500 0.585134
46750 0.938794
47000 0.527995
47250 0.753775
47500 0.689358
47750 0.585748
48000 0.66174
48250 0.771429
48500 0.763158
48750 0.545012
49000 0.580645
49250 0.671515
49500 0.821674
49750 0.912031
50000 0.556684
50250 0.769886
50500 0.761062
50750 0.487179
51000 0.429696
51250 0.849228
51500 0.419492
51750 0.873776
52000 0.326374
52250 0.78424
52500 0.654867
52750 0.856738
53000 0.814507
53250 0.753041
53500 0.925926
53750 0.627622
54000 0.630167
54250 0.39899
54500 0.978371
54750 0.788889
55000 0.740617
55250 0.926724
55500 0.81486
55750 0.77433
56000 0.767273
56250 0.873751
56500 0.952106
56750 0.992551
57000 0.919035
57250 0.76292
57500 0.236559
57750 0.786592
58000 0.301179
58250 0.913468
58500 0.957333
58750 0.711416
59000 0.920538
59250 0.776515
59500 0.550546
59750 0.429688
60000 0.863065
60250 0.689558
60500 0.433551
60750 0.866242
60759 0.420989
