250 0.660073
500 0.743648
750 0.699665
1000 0.713435
1250 0.74704
1500 0.664861
1750 0.716247
2000 0.613949
2250 0.774035
2500 0.683179
2750 0.792653
3000 0.770059
3250 0.725309
3500 0.804295
3750 0.679124
4000 0.760018
4250 0.669223
4500 0.740737
4750 0.73882
5000 0.740825
5250 0.699805
5500 0.802524
5750 0.593166
6000 0.696118
6250 0.780812
6500 0.784013
6750 0.706904
7000 0.72077
7250 0.671362
7500 0.806084
7750 0.632419
8000 0.782289
8250 0.843811
8500 0.755363
8750 0.794797
9000 0.647714
9250 0.704345
9500 0.717066
9750 0.727291
10000 0.779325
10250 0.597701
10500 0.628466
10750 0.641265
11000 0.81724
11250 0.791727
11500 0.654289
11750 0.806017
12000 0.684419
12250 0.659493
12500 0.833539
12750 0.736861
13000 0.710114
13250 0.726355
13500 0.693454
13750 0.671689
14000 0.674141
14250 0.615876
14500 0.641794
14750 0.652946
15000 0.738404
15250 0.656465
15500 0.618521
15750 0.642903
16000 0.752042
16250 0.748469
16500 0.792597
16750 0.629265
17000 0.744051
17250 0.668213
17500 0.751183
17750 0.660669
18000 0.678519
18250 0.707668
18500 0.830828
18750 0.691082
19000 0.725934
19250 0.743925
19500 0.773158
19750 0.796147
20000 0.79725
20250 0.659314
20500 0.70511
20750 0.729167
21000 0.658652
21250 0.756186
21500 0.786413
21750 0.635813
22000 0.804181
22250 0.635694
22500 0.738133
22750 0.695791
23000 0.747706
23250 0.753689
23500 0.668838
23750 0.682949
24000 0.768253
24250 0.774954
24500 0.785487
24750 0.754757
25000 0.682165
25250 0.680665
25500 0.735018
25750 0.769634
26000 0.735825
26250 0.598703
26500 0.710515
26750 0.744829
27000 0.624942
27250 0.69139
27500 0.791852
27750 0.832092
28000 0.754831
28192 0.70418
