250 0.658403
500 0.742524
750 0.69248
1000 0.739984
1250 0.666232
1500 0.770578
1750 0.709269
2000 0.753758
2250 0.738524
2500 0.722765
2750 0.700332
3000 0.760097
3250 0.722438
3500 0.740035
3750 0.735547
4000 0.757344
4250 0.742841
4500 0.741947
4750 0.71004
5000 0.747044
5250 0.726649
5500 0.72904
5750 0.750538
6000 0.719312
6250 0.740887
6500 0.749931
6750 0.744722
7000 0.695509
7250 0.680425
7500 0.711392
7750 0.649372
8000 0.771768
8250 0.712335
8500 0.714958
8750 0.748328
9000 0.709703
9250 0.696894
9500 0.74116
9750 0.698243
10000 0.715263
10250 0.706453
10500 0.681509
10750 0.668981
11000 0.776442
11250 0.75229
11500 0.745281
11750 0.720463
12000 0.696309
12250 0.659791
12500 0.707581
12750 0.758934
13000 0.818558
13250 0.71969
13500 0.688302
13750 0.68124
14000 0.715392
14250 0.709112
14500 0.698335
14750 0.713232
15000 0.708553
15250 0.702164
15500 0.686121
15750 0.73532
16000 0.731415
16250 0.75618
16500 0.758649
16750 0.737642
17000 0.776232
17250 0.770218
17500 0.703629
17750 0.693817
18000 0.697517
18250 0.744567
18500 0.730968
18750 0.729947
19000 0.76393
19250 0.741049
19500 0.699405
19750 0.698676
20000 0.684551
20250 0.716515
20500 0.710933
20750 0.706855
21000 0.67995
21250 0.748712
21500 0.679698
21750 0.665902
22000 0.770526
22250 0.726992
22500 0.696182
22750 0.649209
23000 0.689298
23250 0.71004
23500 0.767654
23750 0.709824
24000 0.627147
24250 0.700781
24500 0.756346
24750 0.749748
25000 0.721759
25250 0.739807
25500 0.753704
25750 0.647317
26000 0.739044
26250 0.74549
26500 0.761718
26750 0.768676
27000 0.689622
27250 0.789298
27500 0.74881
27750 0.733042
28000 0.649484
28192 0.768062
