250 0.473415
500 0.56683
750 0.452189
1000 0.478578
1250 0.429201
1500 0.222705
1750 0.632941
2000 0.405168
2250 0.114727
2500 0.526112
2750 0.466029
3000 0.539991
3250 0.469407
3500 0.698169
3750 0.618807
4000 0.633692
4250 0.36067
4500 0.546019
4750 0.620816
5000 0.319642
5250 0.510435
5500 0.518935
5750 0.576264
6000 0.512134
6250 0.466327
6500 0.614645
6750 0.580175
7000 0.397072
7250 0.429172
7500 0.515888
7750 0.385664
8000 0.520779
8250 0.946341
8500 0.49877
8750 0.431752
9000 0.406323
9250 0.406068
9500 0.694742
9750 0.32774
10000 0.666452
10250 0.667565
10500 0.459861
10750 0.503573
11000 0.550571
11250 0.438903
11500 0.566605
11750 0.372432
12000 0.429221
12250 0.85137
12500 0.548405
12750 0.503277
13000 0.681282
13250 0.468062
13500 0.459883
13750 0.661053
14000 0.876578
14250 0.572384
14500 0.44925
14750 0.574566
15000 0.466704
15250 0.62413
15500 0.461304
15750 0.613658
16000 0.903162
16250 0.572933
16500 0.406268
16750 0.833189
17000 0.772025
17250 0.959761
17500 0.783646
17750 0.575261
18000 0.611532
18250 0.550485
18500 0.447809
18750 0.329233
19000 0.547985
19250 0.698985
19500 0.643791
19750 0.433438
20000 0.660387
20250 0.673938
20500 0.620443
20750 0.733734
21000 0.522036
21250 0.538788
21500 0.624303
21750 0.48041
22000 0.554644
22250 0.635227
22500 0.558357
22750 0.623337
23000 0.697074
23250 0.493385
23500 0.802495
23750 0.659848
24000 0.653425
24250 0.536248
24500 0.758498
24750 0.532881
25000 0.587345
25250 0.507312
25500 0.702961
25750 0.59174
26000 0.653589
26250 0.793407
26500 0.865331
26750 0.448048
27000 0.913506
27250 0.63288
27500 0.684699
27750 0.742205
28000 0.537772
28250 0.740464
28500 0.479754
28750 0.6
29000 0.650226
29250 0.673369
29500 0.71561
29750 0.650142
30000 0.758274
30250 0.626307
30500 0.568519
30750 0.710441
31000 0.533467
31250 0.627129
31500 0.616611
31750 0.723803
32000 0.550646
32250 0.645843
32500 0.679805
32750 0.705139
33000 0.788449
33250 0.520495
33500 0.364346
33750 0.803231
34000 0.837799
34250 0.730093
34500 0.621256
34750 0.74535
35000 0.643613
35250 0.550771
35500 0.720652
35750 0.895299
36000 0.691575
36250 0.781915
36500 0.567491
36750 0.603662
37000 0.639006
37250 0.667095
37500 0.801797
37750 0.744662
38000 0.719112
38250 0.770164
38500 0.625758
38750 0.582381
39000 0.4954
39250 0.757541
39500 0.769036
39750 0.589427
40000 0.709793
40250 0.681223
40500 0.912506
40750 0.881214
41000 0.582222
41250 0.7665
41500 0.4928
41750 0.769883
42000 0.526338
42250 0.777429
42500 0.829686
42750 0.796931
43000 0.421081
43250 0.728829
43500 0.585053
43750 0.537736
44000 0.70045
44250 0.547353
44364 0.777976
