250 0.336119
500 0.356678
750 0.558406
1000 0.353861
1250 0.375234
1500 0.46129
1750 0.436868
2000 0.427135
2250 0.491691
2500 0.487355
2750 0.571583
3000 0.55996
3250 0.53542
3500 0.555103
3750 0.525498
4000 0.558225
4250 0.638836
4500 0.439763
4750 0.531111
5000 0.587098
5250 0.527608
5500 0.537069
5750 0.578287
6000 0.53617
6250 0.546059
6500 0.507395
6750 0.55478
7000 0.533486
7250 0.591624
7500 0.564062
7750 0.443831
8000 0.561412
8250 0.562478
8500 0.546982
8750 0.540903
9000 0.619389
9250 0.482718
9500 0.551357
9750 0.434199
10000 0.53215
10250 0.477336
10500 0.553623
10750 0.625487
11000 0.606979
11250 0.623154
11500 0.616929
11750 0.604309
12000 0.687948
12250 0.693729
12500 0.595506
12750 0.652628
13000 0.630067
13250 0.683274
13500 0.613823
13750 0.597888
14000 0.584053
14250 0.641678
14500 0.648896
14750 0.619036
15000 0.624629
15250 0.593918
15500 0.545024
15750 0.658085
16000 0.611248
16250 0.666235
16500 0.71786
16750 0.56495
17000 0.608648
17250 0.643486
17500 0.720351
17750 0.645077
18000 0.614517
18250 0.548746
18500 0.57457
18750 0.649976
19000 0.619009
19250 0.626507
19500 0.646316
19750 0.645303
20000 0.659938
20250 0.680739
20500 0.575911
20750 0.646867
21000 0.699701
21250 0.644062
21500 0.663599
21750 0.656066
22000 0.652602
22250 0.650445
22500 0.639548
22750 0.710343
23000 0.567573
23250 0.696822
23500 0.674672
23750 0.710519
24000 0.692109
24250 0.644677
24500 0.688925
24750 0.642684
25000 0.656491
25250 0.646799
25500 0.674504
25750 0.63455
26000 0.537424
26250 0.688404
26500 0.681348
26750 0.609983
27000 0.629993
27250 0.642672
27500 0.630807
27750 0.650527
28000 0.698582
28250 0.700966
28500 0.707732
28750 0.597461
29000 0.670365
29250 0.650654
29500 0.518014
29750 0.70448
30000 0.617889
30250 0.691632
30500 0.722219
30750 0.646979
31000 0.663475
31250 0.726017
31500 0.667313
31750 0.696171
32000 0.667595
32250 0.679374
32500 0.598159
32750 0.705635
33000 0.721198
33250 0.657521
33500 0.690919
33750 0.647189
34000 0.574516
34250 0.670729
34500 0.69628
34750 0.595729
35000 0.615616
35250 0.669176
35500 0.683991
35750 0.712068
36000 0.670718
36250 0.642594
36500 0.718908
36750 0.644008
37000 0.658876
37250 0.676434
37500 0.683642
37750 0.741153
38000 0.724626
38250 0.691724
38500 0.67557
38750 0.660611
39000 0.678266
39250 0.674545
39500 0.726632
39750 0.703141
40000 0.708435
40250 0.676129
40500 0.657416
40750 0.593962
41000 0.722531
41250 0.677992
41500 0.673618
41750 0.742818
42000 0.673359
42250 0.677394
42500 0.635181
42750 0.637351
43000 0.651094
43250 0.598624
43500 0.683862
43750 0.661162
44000 0.668569
44250 0.77159
44364 0.727632
